alpha_rate,tau_rate,o_winrate,drawrate,x_winrate
1e-06,1000.0,0.145,0.070625,0.784375
1e-06,112000.0,0.064875,0.0435,0.8916249999999999
1e-06,223000.0,0.055125,0.041624999999999995,0.90325
1e-06,334000.0,0.048125,0.03525,0.916625
1e-06,445000.0,0.067,0.0455,0.8875
1e-06,556000.0,0.056625,0.03899999999999999,0.904375
1e-06,667000.0,0.060875,0.047625,0.8915
1e-06,778000.0,0.07162500000000001,0.05625,0.872125
1e-06,889000.0,0.04875,0.037125,0.914125
1e-06,1000000.0,0.058375,0.043125,0.8985
0.00011200000000000001,1000.0,0.148625,0.071625,0.77975
0.00011200000000000001,112000.0,0.080125,0.051625,0.86825
0.00011200000000000001,223000.0,0.066,0.049875,0.8841249999999999
0.00011200000000000001,334000.0,0.08137500000000002,0.04625,0.872375
0.00011200000000000001,445000.0,0.05725,0.040749999999999995,0.9019999999999999
0.00011200000000000001,556000.0,0.07662500000000001,0.047125,0.87625
0.00011200000000000001,667000.0,0.068375,0.036625,0.895
0.00011200000000000001,778000.0,0.059625,0.04725,0.893125
0.00011200000000000001,889000.0,0.055625,0.03912499999999999,0.90525
0.00011200000000000001,1000000.0,0.060250000000000005,0.058249999999999996,0.8815
0.00022300000000000003,1000.0,0.1565,0.08425,0.75925
0.00022300000000000003,112000.0,0.08125,0.045875,0.872875
0.00022300000000000003,223000.0,0.056999999999999995,0.038375000000000006,0.904625
0.00022300000000000003,334000.0,0.06225,0.042374999999999996,0.895375
0.00022300000000000003,445000.0,0.053625,0.043375,0.903
0.00022300000000000003,556000.0,0.057249999999999995,0.041249999999999995,0.9015
0.00022300000000000003,667000.0,0.053625,0.052375000000000005,0.894
0.00022300000000000003,778000.0,0.048125,0.041499999999999995,0.910375
0.00022300000000000003,889000.0,0.07750000000000001,0.05125,0.87125
0.00022300000000000003,1000000.0,0.056625,0.040749999999999995,0.902625
0.0003340000000000001,1000.0,0.16175,0.07724999999999999,0.7609999999999999
0.0003340000000000001,112000.0,0.08950000000000001,0.05675,0.85375
0.0003340000000000001,223000.0,0.08137500000000002,0.050624999999999996,0.8679999999999999
0.0003340000000000001,334000.0,0.07087500000000001,0.039375,0.88975
0.0003340000000000001,445000.0,0.069375,0.041124999999999995,0.8895
0.0003340000000000001,556000.0,0.07087500000000001,0.040999999999999995,0.8881249999999999
0.0003340000000000001,667000.0,0.07150000000000001,0.05975,0.86875
0.0003340000000000001,778000.0,0.07550000000000001,0.048999999999999995,0.8755000000000001
0.0003340000000000001,889000.0,0.057,0.04475,0.89825
0.0003340000000000001,1000000.0,0.07637500000000001,0.044375,0.87925
0.0004450000000000001,1000.0,0.170375,0.084,0.745625
0.0004450000000000001,112000.0,0.07400000000000001,0.048374999999999994,0.877625
0.0004450000000000001,223000.0,0.07300000000000001,0.044375,0.882625
0.0004450000000000001,334000.0,0.08287500000000002,0.048249999999999994,0.868875
0.0004450000000000001,445000.0,0.0625,0.04562499999999999,0.891875
0.0004450000000000001,556000.0,0.061625000000000006,0.050124999999999996,0.88825
0.0004450000000000001,667000.0,0.069875,0.04625,0.883875
0.0004450000000000001,778000.0,0.0695,0.038250000000000006,0.8922500000000001
0.0004450000000000001,889000.0,0.057624999999999996,0.040999999999999995,0.9013749999999999
0.0004450000000000001,1000000.0,0.067,0.042624999999999996,0.890375
0.0005560000000000001,1000.0,0.1695,0.09225,0.73825
0.0005560000000000001,112000.0,0.08025,0.057,0.86275
0.0005560000000000001,223000.0,0.07137500000000001,0.050749999999999997,0.877875
0.0005560000000000001,334000.0,0.061750000000000006,0.040124999999999994,0.898125
0.0005560000000000001,445000.0,0.0665,0.03887500000000001,0.894625
0.0005560000000000001,556000.0,0.0625,0.044875,0.892625
0.0005560000000000001,667000.0,0.08549999999999999,0.049999999999999996,0.8645
0.0005560000000000001,778000.0,0.059250000000000004,0.045625,0.895125
0.0005560000000000001,889000.0,0.08325,0.059750000000000004,0.8569999999999999
0.0005560000000000001,1000000.0,0.0635,0.049875,0.886625
0.0006670000000000002,1000.0,0.1815,0.09425,0.7242500000000001
0.0006670000000000002,112000.0,0.09287500000000001,0.050875,0.85625
0.0006670000000000002,223000.0,0.07675,0.043125000000000004,0.8801249999999999
0.0006670000000000002,334000.0,0.0625,0.048,0.8895
0.0006670000000000002,445000.0,0.066375,0.05125,0.882375
0.0006670000000000002,556000.0,0.085625,0.038250000000000006,0.876125
0.0006670000000000002,667000.0,0.079125,0.04250000000000001,0.8783749999999999
0.0006670000000000002,778000.0,0.07200000000000001,0.049874999999999996,0.8781249999999999
0.0006670000000000002,889000.0,0.07662500000000001,0.04875,0.874625
0.0006670000000000002,1000000.0,0.0615,0.048125,0.8903749999999999
0.0007780000000000002,1000.0,0.1825,0.093875,0.7236250000000001
0.0007780000000000002,112000.0,0.09062500000000001,0.047875,0.8615
0.0007780000000000002,223000.0,0.09025,0.052625,0.8571250000000001
0.0007780000000000002,334000.0,0.07212500000000001,0.046875,0.881
0.0007780000000000002,445000.0,0.07725,0.05487500000000001,0.8678750000000001
0.0007780000000000002,556000.0,0.07662500000000001,0.043,0.880375
0.0007780000000000002,667000.0,0.07975000000000002,0.047499999999999994,0.87275
0.0007780000000000002,778000.0,0.0625,0.035625000000000004,0.901875
0.0007780000000000002,889000.0,0.069625,0.050749999999999997,0.879625
0.0007780000000000002,1000000.0,0.056625,0.042,0.901375
0.0008890000000000001,1000.0,0.19575000000000004,0.09375,0.7105
0.0008890000000000001,112000.0,0.10137500000000002,0.054125,0.8445
0.0008890000000000001,223000.0,0.09262500000000001,0.05175,0.8556250000000001
0.0008890000000000001,334000.0,0.07687500000000001,0.042374999999999996,0.88075
0.0008890000000000001,445000.0,0.07487500000000001,0.045625,0.8795
0.0008890000000000001,556000.0,0.080375,0.04825,0.871375
0.0008890000000000001,667000.0,0.07550000000000001,0.04825,0.87625
0.0008890000000000001,778000.0,0.09025000000000001,0.050749999999999997,0.859
0.0008890000000000001,889000.0,0.052875,0.033,0.914125
0.0008890000000000001,1000000.0,0.07362500000000001,0.048,0.878375
0.001,1000.0,0.19587500000000002,0.098375,0.70575
0.001,112000.0,0.11224999999999999,0.05499999999999999,0.8327500000000001
0.001,223000.0,0.108,0.05474999999999999,0.83725
0.001,334000.0,0.093875,0.056624999999999995,0.8494999999999999
0.001,445000.0,0.09325000000000001,0.044875,0.861875
0.001,556000.0,0.08375,0.05125,0.865
0.001,667000.0,0.07337500000000001,0.042874999999999996,0.88375
0.001,778000.0,0.07637500000000001,0.051125,0.8724999999999999
0.001,889000.0,0.08375,0.049624999999999996,0.866625
0.001,1000000.0,0.07300000000000001,0.041499999999999995,0.8855
